QGC WPL 110
0	1	0	16	0	0	0	0	37.147579	-5.782747	1.000000	1
1	0	3	22	40.000000	0.000000	0.000000	0.000000	37.147774	-5.782714	30.000000	1
2	0	3	16	0.000000	0.000000	0.000000	0.000000	37.144104	-5.783733	60.000000	1
3	0	3	16	0.000000	0.000000	0.000000	0.000000	37.143658	-5.776963	100.000000	1
4	0	3	16	0.000000	0.000000	0.000000	0.000000	37.147045	-5.776019	100.000000	1
5	0	3	16	0.000000	0.000000	0.000000	0.000000	37.147968	-5.787649	100.000000	1
6	0	3	16	0.000000	0.000000	0.000000	0.000000	37.152760	-5.786276	60.000000	1
7	0	3	16	0.000000	0.000000	0.000000	0.000000	37.152355	-5.781330	30.000000	1
8	0	3	21	0.000000	0.000000	0.000000	0.000000	37.147598	-5.782746	0.000000	1
